ts_code,trade_date,open,high,low,close,pre_close,change,pct_chg,vol,amount
601288.SH,20250228,5.15,5.2,5.13,5.13,5.16,-0.03,-0.5814,5264313.66,2719745.63
601288.SH,20250227,5.12,5.18,5.08,5.16,5.12,0.04,0.7813,4297279.54,2204493.628
601288.SH,20250226,5.11,5.19,5.11,5.12,5.11,0.01,0.1957,4490481.9,2309036.564
601288.SH,20250225,5.14,5.17,5.1,5.11,5.14,-0.03,-0.5837,4131691.71,2117910.825
601288.SH,20250224,5.16,5.19,5.11,5.14,5.18,-0.04,-0.7722,4382258.55,2255477.743
601288.SH,20250221,5.27,5.28,5.17,5.18,5.27,-0.09,-1.7078,4947170.33,2578359.116
601288.SH,20250220,5.25,5.3,5.24,5.27,5.25,0.02,0.381,2575061.27,1357245.208
601288.SH,20250219,5.28,5.31,5.25,5.25,5.29,-0.04,-0.7561,3505724.83,1848642.9
601288.SH,20250218,5.23,5.33,5.22,5.29,5.24,0.05,0.9542,4592009.67,2430271.469
601288.SH,20250217,5.2,5.25,5.15,5.24,5.21,0.03,0.5758,3930422.38,2045429.681
601288.SH,20250214,5.17,5.21,5.14,5.21,5.16,0.05,0.969,3599212.96,1862561.761
601288.SH,20250213,5.12,5.19,5.11,5.16,5.14,0.02,0.3891,3777676.28,1951630.255
601288.SH,20250212,5.11,5.15,5.07,5.14,5.11,0.03,0.5871,3808088.37,1947113.779
601288.SH,20250211,5.02,5.11,5.01,5.11,5.02,0.09,1.7928,4821723.42,2450542.461
601288.SH,20250210,5.02,5.05,4.99,5.02,5.02,0.0,0.0,3283176.51,1649828.119
601288.SH,20250207,5.03,5.04,4.98,5.02,5.04,-0.02,-0.3968,4760287.41,2383650.927
601288.SH,20250206,5.05,5.08,5.01,5.04,5.05,-0.01,-0.198,3486912.39,1755583.016
601288.SH,20250205,5.17,5.19,5.04,5.05,5.16,-0.11,-2.1318,4994575.95,2537287.331
